0.0000        .5000
.0028         .5250
.0056         .5499
.0083         .5747
.0111         .5993
.0139         .6237
.0167         .6478
.0194         .6714
.0222         .6947
.0250         .7175
.0278         .7397
.0306         .7613
.0333         .7823
.0361         .8026
.0389         .8221
.0417         .8408
.0444         .8587
.0472         .8756
.0500         .8917
.0528         .9067
.0556         .9207
.0583         .9337
.0611         .9456
.0639         .9564
.0667         .9660
.0694         .9745
.0722         .9818
.0750         .9879
.0778         .9927
.0806         .9964
.0833         .9987
.0861         .9999
.0889         .9998
.0917         .9984
.0944         .9958
.0972         .9920
.1000         .9869
.1028         .9806
.1056         .9731
.1083         .9645
.1111         .9546
.1139         .9437
.1167         .9316
.1194         .9184
.1222         .9042
.1250         .8890
.1278         .8729
.1306         .8557
.1333         .8377
.1361         .8189
.1389         .7992
.1417         .7788
.1444         .7578
.1472         .7360
.1500         .7137
.1528         .6908
.1556         .6675
.1583         .6437
.1611         .6196
.1639         .5952
.1667         .5706
.1694         .5457
.1722         .5208
.1750         .4958
.1778         .4708
.1806         .4459
.1833         .4211
.1861         .3965
.1889         .3722
.1917         .3482
.1944         .3246
.1972         .3014
.2000         .2787
.2028         .2566
.2056         .2351
.2083         .2142
.2111         .1941
.2139         .1747
.2167         .1561
.2194         .1384
.2222         .1216
.2250         .1057
.2278         .0909
.2306         .0770
.2333         .0642
.2361         .0525
.2389         .0419
.2417         .0325
.2444         .0242
.2472         .0171
.2500         .0112
.2528         .0066
.2556         .0032
.2583         .0010
.2611         .0000
.2639         .0004
.2667         .0019
.2694         .0047
.2722         .0088
.2750         .0140
.2778         .0205
.2806         .0282
.2833         .0371
.2861         .0471
.2889         .0583
.2917         .0705
.2944         .0839
.2972         .0982
.3000         .1136
.3028         .1300
.3056         .1472
.3083         .1654
.3111         .1844
.3139         .2041
.3167         .2247
.3194         .2459
.3222         .2677
.3250         .2901
.3278         .3131
.3306         .3365
.3333         .3603
.3361         .3845
.3389         .4089
.3417         .4336
.3444         .4585
.3472         .4834
.3500         .5084
.3528         .5334
.3556         .5583
.3583         .5830
.3611         .6076
.3639         .6318
.3667         .6558
.3694         .6793
.3722         .7024
.3750         .7250
.3778         .7471
.3806         .7685
.3833         .7892
.3861         .8092
.3889         .8285
.3917         .8469
.3944         .8645
.3972         .8811
.4000         .8968
.4028         .9115
.4056         .9252
.4083         .9378
.4111         .9494
.4139         .9598
.4167         .9690
.4194         .9771
.4222         .9840
.4250         .9896
.4278         .9941
.4306         .9973
.4333         .9993
.4361         1.0000
.4389         .9995
.4417         .9977
.4444         .9947
.4472         .9904
.4500         .9849
.4528         .9783
.4556         .9704
.4583         .9613
.4611         .9511
.4639         .9397
.4667         .9273
.4694         .9138
.4722         .8992
.4750         .8837
.4778         .8672
.4806         .8498
.4833         .8315
.4861         .8124
.4889         .7925
.4917         .7718
.4944         .7505
.4972         .7286
.5000         .7061
.5028         .6830
.5056         .6595
.5083         .6357
.5111         .6114
.5139         .5869
.5167         .5622
.5194         .5374
.5222         .5124
.5250         .4874
.5278         .4624
.5306         .4376
.5333         .4128
.5361         .3883
.5389         .3641
.5417         .3402
.5444         .3168
.5472         .2937
.5500         .2712
.5528         .2493
.5556         .2280
.5583         .2074
.5611         .1875
.5639         .1683
.5667         .1501
.5694         .1327
.5722         .1162
.5750         .1006
.5778         .0861
.5806         .0726
.5833         .0602
.5861         .0488
.5889         .0386
.5917         .0296
.5944         .0217
.5972         .0150
.6000         .0095
.6028         .0053
.6056         .0023
.6083         .0005
.6111         .0000
.6139         .0007
.6167         .0027
.6194         .0059
.6222         .0104
.6250         .0161
.6278         .0230
.6306         .0311
.6333         .0403
.6361         .0507
.6389         .0623
.6417         .0749
.6444         .0886
.6472         .1033
.6500         .1190
.6528         .1357
.6556         .1532
.6583         .1717
.6611         .1909
.6639         .2110
.6667         .2317
.6694         .2531
.6722         .2752
.6750         .2978
.6778         .3209
.6806         .3444
.6833         .3684
.6861         .3927
.6889         .4172
.6917         .4419
.6944         .4668
.6972         .4918
.7000         .5168
.7028         .5418
.7056         .5666
.7083         .5913
.7111         .6158
.7139         .6399
.7167         .6637
.7194         .6871
.7222         .7101
.7250         .7325
.7278         .7543
.7306         .7755
.7333         .7960
.7361         .8158
.7389         .8348
.7417         .8529
.7444         .8702
.7472         .8865
.7500         .9019
.7528         .9163
.7556         .9296
.7583         .9418
.7611         .9530
.7639         .9630
.7667         .9718
.7694         .9795
.7722         .9860
.7750         .9913
.7778         .9953
.7806         .9981
.7833         .9997
.7861         1.0000
.7889         .9990
.7917         .9968
.7944         .9934
.7972         .9887
.8000         .9828
.8028         .9757
.8056         .9674
.8083         .9580
.8111         .9474
.8139         .9357
.8167         .9229
.8194         .9090
.8222         .8941
.8250         .8783
.8278         .8614
.8306         .8437
.8333         .8251
.8361         .8058
.8389         .7856
.8417         .7647
.8444         .7432
.8472         .7211
.8500         .6984
.8528         .6752
.8556         .6516
.8583         .6276
.8611         .6032
.8639         .5787
.8667         .5539
.8694         .5290
.8722         .5040
.8750         .4790
.8778         .4540
.8806         .4292
.8833         .4046
.8861         .3802
.8889         .3560
.8917         .3323
.8944         .3090
.8972         .2861
.9000         .2638
.9028         .2421
.9056         .2210
.9083         .2006
.9111         .1809
.9139         .1621
.9167         .1441
.9194         .1270
.9222         .1108
.9250         .0956
.9278         .0814
.9306         .0683
.9333         .0562
.9361         .0453
.9389         .0354
.9417         .0268
.9444         .0193
.9472         .0130
.9500         .0080
.9528         .0041
.9556         .0016
.9583         .0002
.9611         .0001
.9639         .0013
.9667         .0037
.9694         .0073
.9722         .0122
.9750         .0183
.9778         .0256
.9806         .0341
.9833         .0437
.9861         .0545
.9889         .0664
.9917         .0794
.9944         .0934
.9972         .1085
1.0000        .1245