0.0000        .5000
.0028         .5250
.0056         .5499
.0083         .5747
.0111         .5993
.0139         .6237
.0167         .6478
.0194         .6714
.0222         .6947
.0250         .7175
.0278         .7397
.0306         .7613
.0333         .7823
.0361         .8026
.0389         .8221
.0417         .8408
.0444         .8587
.0472         .8756
.0500         .8917
.0528         .9067
.0556         .9207
.0583         .9337
.0611         .9456
.0639         .9564
.0667         .9660
.0694         .9745
.0722         .9818
.0750         .9879
.0778         .9927
.0806         .9964
.0833         .9987
.0861         .9999
.0889         .9998